0.811371 -1.82868
0.616917 -1.94999
0.493186 -1.97009
0.241402 -2.0394
-0.125506 -1.75797
-0.348692 -1.69965
-0.479045 -1.93474
-0.688443 -1.8427
-0.779553 -1.13928
-0.903023 -1.03803
0.104294 -1.15696
-0.0625857 -1.18108
0.669956 -1.28069
0.509627 -1.37778
0.599248 -0.520586
0.509627 -0.590988
-0.249245 -0.679678
-0.33081 -0.60887
-0.726522 -0.37917
-0.75997 -0.304882
0.581571 -0.131693
0.54539 -0.179711
0.634602 0.681446
0.670562 0.732253
0.351771 0.964277
0.402337 0.982596
-0.0724754 0.787507
-0.0447041 0.785898
-0.673491 0.981953
-0.599035 0.964715
-0.761876 1.26478
-0.65268 1.28658
-0.213891 1.56529
-0.0447041 1.53693
-0.39066 2.14863
-0.0268225 2.10914
-0.00176769 2.06025
0.366574 2.05549
0.228032 2.3254
0.599035 2.35948
