96 120
489 113
78 112
468 108
43 124
435 127
23 114
416 119
6 159
404 164
56 158
451 156
88 151
483 145
84 194
483 189
36 185
436 188
9 202
412 205
83 216
485 212
86 262
492 263
70 278
477 277
46 268
452 266
12 279
421 276
7 295
418 294
38 312
452 308
28 345
453 340
50 340
475 337
63 355
488 354
(96,120) Rightarrow (489,113)
(78,112) Rightarrow (468,108)
(43,124) Rightarrow (435,127)
(23,114) Rightarrow (416,119)
(6,159) Rightarrow (404,164)
(56,158) Rightarrow (451,156)
(88,151) Rightarrow (483,145)
(84,194) Rightarrow (483,189)
(36,185) Rightarrow (436,188)
(9,202) Rightarrow (412,205)
(83,216) Rightarrow (485,212)
(86,262) Rightarrow (492,263)
(70,278) Rightarrow (477,277)
(46,268) Rightarrow (452,266)
(12,279) Rightarrow (421,276)
(7,295) Rightarrow (418,294)
(38,312) Rightarrow (452,308)
(28,345) Rightarrow (453,340)
(50,340) Rightarrow (475,337)
(63,355) Rightarrow (488,354)
